%YAML:1.0
---
calibration_time: "mié 18 nov 2020 10:22:44 CET"
image_width: 640
image_height: 480
board_width: 9
board_height: 6
square_size: 1.
flags: 0
camera_matrix: !!opencv-matrix
   rows: 3
   cols: 3
   dt: d
   data: [ 7.4801104194369668e+02, 0., 3.2932669182315976e+02, 0.,
       7.4976793695975300e+02, 1.9966692669860345e+02, 0., 0., 1. ]
distortion_coefficients: !!opencv-matrix
   rows: 5
   cols: 1
   dt: d
   data: [ -6.5771902366627388e-02, 2.6848861628351064e+00,
       -2.1252465152993904e-02, -8.0576433451662061e-04,
       -1.4297575215111911e+01 ]
avg_reprojection_error: 8.7817759224321279e-01
